cnt, cg_residual
0,1
1,1.73254
2,1.91951
3,2.2084
4,2.54507
5,2.66869
6,3.37752
7,3.39996
8,3.53708
9,3.65422
10,3.15862
11,3.81114
12,4.25464
13,4.50886
14,4.1873
15,4.36928
16,4.2762
17,4.13966
18,4.31109
19,4.21402
20,4.17658
21,3.81969
22,3.81462
23,3.89347
24,3.85625
25,3.68403
26,3.70796
27,3.4761
28,3.58603
29,3.33446
30,3.13689
31,3.12551
32,3.16404
33,3.05139
34,2.88718
35,2.81206
36,2.7556
37,2.81539
38,2.69939
39,2.5921
40,2.65039
41,2.58168
42,2.54293
43,2.45617
44,2.35344
45,2.35376
46,2.37045
47,2.38619
48,2.38691
49,2.33201
50,2.25374
51,2.22055
52,2.19071
53,2.13444
54,2.08681
55,2.06856
56,2.03188
57,2.12736
58,2.09
59,2.09484
60,2.0573
61,1.87634
62,2.01768
63,1.99797
64,1.99308
65,2.03156
66,1.94602
67,1.88483
68,1.86021
69,1.82867
70,1.83282
71,1.79762
72,1.57361
73,1.65366
74,1.52954
75,1.64001
76,1.68729
77,1.66841
78,1.31563
79,1.64096
80,1.60869
81,1.60341
82,1.63743
83,1.5998
84,1.53453
85,1.49267
86,1.14593
87,1.45416
88,1.43753
89,1.44456
90,1.38944
91,1.30963
92,1.37146
93,1.32888
94,1.2425
95,1.27797
96,1.22902
97,1.19119
98,1.19454
99,1.17385
100,1.17169
101,1.20699
102,1.15192
103,1.17039
104,1.11864
105,1.0991
106,1.07605
107,1.05574
108,0.916834
109,1.03439
110,1.01628
111,0.933074
112,0.997356
113,0.973653
114,0.972281
115,1.00165
116,0.948533
117,0.933505
118,0.901878
119,0.822824
120,0.877025
121,0.874319
122,0.866037
123,0.860638
124,0.837253
125,0.752983
126,0.768907
127,0.730656
128,0.74235
129,0.76662
130,0.805747
131,0.780979
132,0.7558
133,0.742141
134,0.732484
135,0.674944
136,0.715057
137,0.690528
138,0.657478
139,0.644073
140,0.639121
141,0.628731
142,0.625946
143,0.614288
144,0.591641
145,0.554868
146,0.616038
147,0.606632
148,0.606097
149,0.602241
150,0.58184
151,0.55796
152,0.496222
153,0.534351
154,0.524562
155,0.518293
156,0.504403
157,0.488067
158,0.480929
159,0.468874
160,0.434911
161,0.425127
162,0.466743
163,0.459293
164,0.46473
165,0.448157
166,0.432173
167,0.425472
168,0.403613
169,0.411375
170,0.398294
171,0.385823
172,0.380704
173,0.377149
174,0.376572
175,0.358407
176,0.323263
177,0.324524
178,0.346228
179,0.336325
180,0.341629
181,0.329089
182,0.299695
183,0.30279
184,0.312231
185,0.296835
186,0.308684
187,0.304593
188,0.295785
189,0.28921
190,0.282965
191,0.276058
192,0.247753
193,0.264306
194,0.248725
195,0.262126
196,0.261937
197,0.25698
198,0.250113
199,0.243633
200,0.231931
201,0.235507
202,0.235591
203,0.241683
204,0.229824
205,0.216183
206,0.203129
207,0.191927
208,0.179959
209,0.194459
210,0.180319
211,0.193131
212,0.196003
213,0.201157
214,0.192562
215,0.182269
216,0.183945
217,0.179166
218,0.179344
219,0.172811
220,0.169289
221,0.16751
222,0.164862
223,0.162318
224,0.157861
225,0.150484
226,0.154062
227,0.14292
228,0.145168
229,0.142914
230,0.141082
231,0.139427
232,0.135628
233,0.108731
234,0.127832
235,0.119772
236,0.124016
237,0.127719
238,0.125015
239,0.122011
240,0.118605
241,0.0911237
242,0.116208
243,0.114638
244,0.0974425
245,0.112515
246,0.110275
247,0.108701
248,0.106296
249,0.0871762
250,0.104728
251,0.106171
252,0.103275
253,0.098833
254,0.0959629
255,0.0917139
256,0.0891629
257,0.07998
258,0.0878662
259,0.0869552
260,0.0846827
261,0.0833027
262,0.0863837
263,0.0865135
264,0.0890012
265,0.0847309
266,0.0762581
267,0.0794358
268,0.0807415
269,0.0812144
270,0.075314
271,0.0713426
272,0.0701814
273,0.0701133
274,0.0572302
275,0.0692636
276,0.0685755
277,0.0609738
278,0.0661442
279,0.0653569
280,0.0639725
281,0.0618221
282,0.0568563
283,0.060884
284,0.0602132
285,0.0564426
286,0.0519111
287,0.0572905
288,0.0576214
289,0.056706
290,0.0535016
291,0.054839
292,0.0527019
293,0.0491477
294,0.0507585
295,0.0516467
296,0.0513555
297,0.0523739
298,0.050995
299,0.0446608
300,0.0473057
301,0.0463101
302,0.0468307
303,0.0458794
304,0.0448363
305,0.0441675
306,0.0429142
307,0.0375062
308,0.0421033
309,0.0413375
310,0.0363584
311,0.0403731
312,0.039072
313,0.0381388
314,0.0375244
315,0.0325419
316,0.0369111
317,0.0363512
318,0.0357343
319,0.0359465
320,0.0348298
321,0.0335485
322,0.0336689
323,0.0315656
324,0.0325332
325,0.0313231
326,0.0295775
327,0.028641
328,0.0297723
329,0.0293726
330,0.0297031
331,0.0294211
332,0.0266569
333,0.0282338
334,0.0284097
335,0.0279672
336,0.0266483
337,0.0257011
338,0.0252292
339,0.024943
340,0.0238521
341,0.023258
342,0.0218918
343,0.0216852
344,0.0225403
345,0.0229255
346,0.0211408
347,0.0220117
348,0.0221542
349,0.0222364
350,0.0227291
351,0.0229379
352,0.0221715
353,0.0212345
354,0.0203239
355,0.0197613
356,0.0153139
357,0.0194337
358,0.0188617
359,0.0161212
360,0.0181965
361,0.0174522
362,0.0163111
363,0.0164947
364,0.0161854
365,0.0168287
366,0.0169398
367,0.0169351
368,0.0168812
369,0.0168245
370,0.0166666
371,0.0161971
372,0.0142183
373,0.0159006
374,0.0153549
375,0.013137
376,0.0148269
377,0.0146228
378,0.0144882
379,0.0147526
380,0.0142753
381,0.014403
382,0.0139806
383,0.0137134
384,0.012922
385,0.0130916
386,0.0132445
387,0.0133304
388,0.0130267
389,0.0128048
390,0.0123911
391,0.0118803
392,0.0104971
393,0.0116651
394,0.0115356
395,0.0115344
396,0.0116105
397,0.0109132
398,0.0105139
399,0.00987926
400,0.01091
401,0.010574
402,0.0101215
403,0.00998671
404,0.0100175
405,0.00900518
406,0.00977515
407,0.00942211
408,0.00833234
409,0.00945268
410,0.00933494
411,0.00890062
412,0.00860976
413,0.00809049
414,0.00842225
415,0.00834127
416,0.00822497
417,0.00799383
418,0.00792588
419,0.00806323
420,0.00798945
421,0.00755237
422,0.00762057
423,0.0075991
424,0.0068551
425,0.00740427
426,0.0072809
427,0.00688338
428,0.00702787
429,0.00704599
430,0.00671592
431,0.00690183
432,0.0067851
433,0.00675948
434,0.00662856
435,0.00647301
436,0.00634639
437,0.00620743
438,0.00588818
439,0.00607251
440,0.00529971
441,0.00612051
442,0.0063516
443,0.00597422
444,0.00582423
445,0.00584179
446,0.00599307
447,0.00529663
448,0.00593875
449,0.00531751
450,0.00506976
451,0.00541257
452,0.0052516
453,0.00528668
454,0.00538604
455,0.00448034
456,0.0047311
457,0.00521557
458,0.00510169
459,0.0050088
460,0.00493912
461,0.00482512
462,0.00474889
463,0.00465026
464,0.00407259
465,0.00451628
466,0.00478165
467,0.00488047
468,0.0047422
469,0.00463925
470,0.00466863
471,0.00446555
472,0.00412559
473,0.00385797
474,0.00442323
475,0.00448541
476,0.00422021
477,0.00402901
478,0.0039871
479,0.00400906
480,0.00393273
481,0.0037687
482,0.00394912
483,0.00389077
484,0.00378602
485,0.00374688
486,0.0036969
487,0.00359743
488,0.0032508
489,0.00349901
490,0.0032383
491,0.00338805
492,0.00333712
493,0.00333343
494,0.00335453
495,0.00332396
496,0.00328066
497,0.00325305
498,0.00294302
499,0.00323091
500,0.00324441
501,0.0031512
502,0.00300563
503,0.0028812
504,0.00276631
505,0.00291319
506,0.00290054
507,0.00289876
508,0.0028838
509,0.00281052
510,0.00279949
511,0.00283204
512,0.00280687
513,0.00271677
514,0.00266909
515,0.0026383
516,0.00267911
517,0.00265199
518,0.00257466
519,0.00258482
520,0.00268354
521,0.00236514
522,0.00261998
523,0.0025082
524,0.00255199
525,0.00254851
526,0.00251621
527,0.00243485
528,0.00229423
529,0.00231538
530,0.00236495
531,0.00218032
532,0.0023569
533,0.00236653
534,0.00235707
535,0.00230536
536,0.00220175
537,0.00210986
538,0.00220763
539,0.00218182
540,0.00216726
541,0.00205137
542,0.00215318
543,0.00210775
544,0.0021074
545,0.00201088
546,0.00203128
547,0.00206649
548,0.00207149
549,0.00197352
550,0.00203639
551,0.00200597
552,0.00192138
553,0.00177199
554,0.00190126
555,0.00195296
556,0.00197907
557,0.00185903
558,0.00154528
559,0.00177385
560,0.00174557
561,0.00183561
562,0.00184544
563,0.00182204
564,0.00183874
565,0.00181242
566,0.001755
567,0.00164576
568,0.00174972
569,0.00165112
570,0.00168967
571,0.00177005
572,0.00172326
573,0.00167152
574,0.00165265
575,0.0016038
576,0.00163923
577,0.00164249
578,0.00163136
579,0.00160259
580,0.00159738
581,0.00157828
582,0.00155174
583,0.00140729
584,0.00151982
585,0.00137068
586,0.00151456
587,0.00149468
588,0.0014147
589,0.00140294
590,0.00144019
591,0.00141845
592,0.00132559
593,0.00139009
594,0.0013711
595,0.00136105
596,0.0013404
597,0.00130527
598,0.00130209
599,0.00124779
600,0.00123831
601,0.00124287
602,0.00128871
603,0.0012813
604,0.00127978
605,0.00128691
606,0.00124731
607,0.00122293
608,0.00119276
609,0.00113948
610,0.00117624
611,0.00115406
612,0.00108025
613,0.00107253
614,0.00105718
615,0.00105864
616,0.000989267
617,0.00106434
618,0.00105349
619,0.00107596
620,0.00105521
621,0.00104766
622,0.00103318
623,0.00101948
624,0.00102408
625,0.00104509
626,0.000956107
627,0.00102462
628,0.000993176
629,0.000992068
630,0.000951939
631,0.000928933
632,0.000988055
633,0.000855211
634,0.00097186
635,0.000945435
636,0.000930495
637,0.000901413
638,0.000882525
639,0.000885558
640,0.000883816
641,0.000872083
642,0.000839231
643,0.000841566
644,0.000804584
645,0.000777999
646,0.00077574
647,0.000789402
648,0.000748064
649,0.000767866
650,0.000790738
651,0.000601009
652,0.000804517
653,0.000784851
654,0.00077284
655,0.000771308
656,0.000736171
657,0.000702797
658,0.000685719
659,0.000618685
660,0.000684422
661,0.000676992
662,0.00066335
663,0.000650503
664,0.000603063
665,0.000641502
666,0.000655258
667,0.00059784
668,0.00055709
669,0.000575169
670,0.000625253
671,0.00060571
672,0.000567832
673,0.0005835
674,0.000581648
675,0.00057292
676,0.000560444
677,0.000560157
678,0.000560991
679,0.000552336
680,0.000534039
681,0.000480729
682,0.000523646
683,0.000537349
684,0.000551375
685,0.000473311
686,0.00050936
687,0.000501388
688,0.000505711
689,0.000508012
690,0.000500667
691,0.000494025
692,0.000487363
693,0.000433133
694,0.000474451
695,0.00046671
696,0.000460296
697,0.000405048
698,0.000454274
699,0.000461637
700,0.000457148
701,0.000432874
702,0.000364006
703,0.000435419
704,0.000435096
705,0.000427925
706,0.000414966
707,0.000399174
708,0.000398199
709,0.000393574
710,0.000320502
711,0.000381125
712,0.000366711
713,0.00036063
714,0.000367253
715,0.000363893
716,0.000360348
717,0.000366457
718,0.000364416
719,0.000343778
720,0.000360479
721,0.000337377
722,0.000299721
723,0.000333039
724,0.000338462
725,0.000334908
726,0.000333413
727,0.00026597
728,0.000335186
729,0.000320093
730,0.00030217
731,0.000317096
732,0.00030164
733,0.000295362
734,0.000297235
735,0.00029705
736,0.000261953
737,0.000297439
738,0.00028966
739,0.0002769
740,0.000276527
741,0.00028743
742,0.000286963
743,0.000276866
744,0.000247655
745,0.000274243
746,0.000237774
747,0.000266649
748,0.000266053
749,0.000262859
750,0.000250382
751,0.000245153
752,0.000235384
753,0.000241895
754,0.000239057
755,0.000230723
756,0.00022025
757,0.000225725
758,0.000226784
759,0.000220532
760,0.000204287
761,0.000214411
762,0.000198098
763,0.000209724
764,0.000214461
765,0.000211783
766,0.000207646
767,0.000205492
768,0.000201462
769,0.000189826
770,0.000194655
771,0.000190723
772,0.000188617
773,0.000177579
774,0.000161742
775,0.000177197
776,0.000180437
777,0.000175334
778,0.000166819
779,0.000172171
780,0.000170965
781,0.000167387
782,0.000168444
783,0.000169714
784,0.000167762
785,0.000136292
786,0.00016423
787,0.000159339
788,0.000153427
789,0.000152094
790,0.000154149
791,0.000150445
792,0.00014922
793,0.000133157
794,0.000128319
795,0.000149437
796,0.000143722
797,0.00013818
798,0.000142617
799,0.000137739
800,0.000131366
801,0.000121476
802,0.000123409
803,0.000125225
804,0.000130413
805,0.000132576
806,0.000129357
807,0.000124534
808,0.00012195
809,0.000110764
810,0.000114048
811,0.000117985
812,0.000120587
813,0.000117181
814,0.000116019
815,0.000114251
816,0.00011228
817,0.000111986
818,0.000100195
819,0.000110493
820,0.000108359
821,0.000106826
822,0.000104838
823,9.85113e-05
824,8.80432e-05
825,9.37889e-05
826,9.48269e-05
827,9.44335e-05
828,9.9105e-05
829,9.78064e-05
830,9.66094e-05
831,9.54738e-05
832,9.53498e-05
833,9.54231e-05
834,9.12928e-05
835,8.95523e-05
836,8.82536e-05
837,8.48545e-05
838,8.64157e-05
839,8.63151e-05
840,8.60023e-05
841,8.00953e-05
842,8.33831e-05
843,8.23874e-05
844,8.4809e-05
845,8.57614e-05
846,8.13081e-05
847,7.9941e-05
848,7.83867e-05
849,7.63826e-05
850,7.43723e-05
851,6.90148e-05
852,7.21612e-05
853,7.12853e-05
854,7.16233e-05
855,7.08495e-05
856,6.83399e-05
857,5.99632e-05
858,6.72122e-05
859,6.7161e-05
860,6.58224e-05
861,6.70404e-05
862,6.67194e-05
863,6.72695e-05
864,6.4797e-05
865,6.28918e-05
866,6.29136e-05
867,6.152e-05
868,6.09386e-05
869,6.00985e-05
870,5.89177e-05
871,5.76397e-05
872,5.63345e-05
873,5.08383e-05
874,5.57529e-05
875,5.24155e-05
876,4.70833e-05
877,5.03198e-05
878,5.38513e-05
879,5.1851e-05
880,4.95468e-05
881,5.32358e-05
882,5.36892e-05
883,5.17699e-05
884,4.45341e-05
885,5.01643e-05
886,4.97542e-05
887,4.96415e-05
888,4.84745e-05
889,4.28088e-05
890,4.63878e-05
891,4.70387e-05
892,4.69099e-05
893,4.64006e-05
894,4.60834e-05
895,4.62578e-05
896,4.56086e-05
897,4.47522e-05
898,4.38403e-05
899,4.3902e-05
900,4.27842e-05
901,4.32002e-05
902,4.22464e-05
903,4.0013e-05
904,3.92306e-05
905,3.86643e-05
906,3.72879e-05
907,3.86953e-05
908,3.72225e-05
909,3.35184e-05
910,3.64956e-05
911,3.60273e-05
912,3.55501e-05
913,3.56714e-05
914,3.62977e-05
915,3.49025e-05
916,3.33666e-05
917,3.2096e-05
918,3.29786e-05
919,3.36824e-05
920,3.29035e-05
921,2.78596e-05
922,3.06104e-05
923,2.93597e-05
924,3.04682e-05
925,2.96139e-05
926,3.00608e-05
927,3.07777e-05
928,2.98243e-05
929,2.89148e-05
930,2.8095e-05
931,2.64605e-05
932,2.4262e-05
933,2.5138e-05
934,2.50626e-05
935,2.49065e-05
936,2.43302e-05
937,2.51882e-05
938,2.21672e-05
939,2.53062e-05
940,2.51252e-05
941,2.55386e-05
942,2.12847e-05
943,2.49642e-05
944,2.41287e-05
945,2.36504e-05
946,2.27577e-05
947,2.16368e-05
948,2.19243e-05
949,2.20156e-05
950,1.83062e-05
951,2.1399e-05
952,2.14225e-05
953,2.0676e-05
954,2.03632e-05
955,2.04204e-05
956,1.93067e-05
957,1.96953e-05
958,1.91257e-05
959,2.00644e-05
960,1.98027e-05
961,1.94265e-05
962,1.92728e-05
963,1.86314e-05
964,1.77442e-05
965,1.84458e-05
966,1.736e-05
967,1.80645e-05
968,1.77518e-05
969,1.58283e-05
970,1.74541e-05
971,1.77773e-05
972,1.73785e-05
973,1.696e-05
974,1.68791e-05
975,1.61253e-05
976,1.63562e-05
977,1.58667e-05
978,1.52484e-05
979,1.34499e-05
980,1.48166e-05
981,1.51317e-05
982,1.51322e-05
983,1.52957e-05
984,1.51724e-05
985,1.45505e-05
986,1.3931e-05
987,1.46113e-05
988,1.43905e-05
989,1.44567e-05
990,1.3764e-05
991,1.06352e-05
992,1.36406e-05
993,1.39717e-05
994,1.35856e-05
995,1.31557e-05
996,1.30321e-05
997,1.28952e-05
998,1.23454e-05
999,1.21089e-05
1000,1.22955e-05
1001,1.23554e-05
1002,1.0914e-05
1003,1.2257e-05
1004,1.19057e-05
1005,1.15836e-05
1006,1.14462e-05
1007,9.6791e-06
1008,1.12536e-05
1009,1.0721e-05
1010,1.09884e-05
1011,1.09154e-05
1012,1.08223e-05
1013,1.07785e-05
1014,1.04789e-05
1015,9.22879e-06
1016,1.02174e-05
1017,9.92268e-06
1018,9.17541e-06
1019,9.87171e-06
1020,9.76319e-06
1021,9.63337e-06
1022,9.42762e-06
1023,8.03154e-06
1024,9.22949e-06
1025,9.10466e-06
1026,9.06204e-06
1027,9.09932e-06
1028,8.87382e-06
1029,8.60814e-06
1030,8.37782e-06
1031,8.25923e-06
1032,7.93343e-06
1033,7.14197e-06
1034,7.2133e-06
1035,7.59132e-06
1036,7.81262e-06
1037,7.72343e-06
1038,7.60918e-06
1039,6.24865e-06
1040,7.57378e-06
1041,7.53653e-06
1042,7.31478e-06
1043,7.4201e-06
1044,7.27428e-06
1045,6.92393e-06
1046,6.88625e-06
1047,6.63826e-06
1048,6.8687e-06
1049,6.46318e-06
1050,5.97848e-06
1051,6.24058e-06
1052,6.35683e-06
1053,6.29914e-06
1054,6.20419e-06
1055,5.3369e-06
1056,6.17014e-06
1057,6.15647e-06
1058,6.0753e-06
1059,5.82799e-06
1060,5.58276e-06
1061,5.50368e-06
1062,5.49857e-06
1063,5.25203e-06
1064,5.41714e-06
1065,5.23732e-06
1066,4.83465e-06
1067,5.19473e-06
1068,5.12165e-06
1069,5.0009e-06
1070,4.89269e-06
1071,4.68494e-06
1072,4.79966e-06
1073,4.7225e-06
1074,4.71853e-06
1075,4.55203e-06
1076,4.41749e-06
1077,4.36464e-06
1078,4.24255e-06
1079,4.25315e-06
1080,4.17933e-06
1081,4.09922e-06
1082,3.6481e-06
1083,4.05207e-06
1084,4.01437e-06
1085,3.97767e-06
1086,3.74961e-06
1087,3.5848e-06
1088,3.46676e-06
1089,3.44466e-06
1090,3.57473e-06
1091,3.44604e-06
1092,3.31506e-06
1093,3.40281e-06
1094,3.25799e-06
1095,3.17341e-06
1096,3.09796e-06
1097,3.13822e-06
1098,3.12188e-06
1099,2.99294e-06
1100,3.1628e-06
1101,3.20478e-06
1102,3.30905e-06
1103,3.09326e-06
1104,3.2866e-06
1105,3.0706e-06
1106,3.05075e-06
1107,3.03029e-06
1108,2.84945e-06
1109,2.76707e-06
1110,2.72879e-06
1111,2.75713e-06
1112,2.73905e-06
1113,2.6536e-06
1114,2.3601e-06
1115,2.55799e-06
1116,2.54998e-06
1117,2.5291e-06
1118,2.5217e-06
1119,2.48384e-06
1120,2.48248e-06
1121,2.4666e-06
1122,2.43853e-06
1123,2.43878e-06
1124,2.38233e-06
1125,2.3165e-06
1126,2.2482e-06
1127,2.24256e-06
1128,2.22546e-06
1129,2.15826e-06
1130,1.94795e-06
1131,1.99762e-06
1132,2.05116e-06
1133,1.9774e-06
1134,1.93883e-06
1135,1.66317e-06
1136,1.9901e-06
1137,1.97042e-06
1138,1.92705e-06
1139,1.93125e-06
1140,1.92149e-06
1141,1.8529e-06
1142,1.79863e-06
1143,1.77959e-06
1144,1.71027e-06
1145,1.70448e-06
1146,1.78226e-06
1147,1.5462e-06
1148,1.76881e-06
1149,1.77198e-06
1150,1.78606e-06
1151,1.51457e-06
1152,1.75605e-06
1153,1.72488e-06
1154,1.66926e-06
1155,1.59343e-06
1156,1.5468e-06
1157,1.53649e-06
1158,1.53717e-06
1159,1.56417e-06
1160,1.54767e-06
1161,1.50496e-06
1162,1.38663e-06
1163,1.48478e-06
1164,1.49949e-06
1165,1.42996e-06
1166,1.41576e-06
1167,1.3258e-06
1168,1.40913e-06
1169,1.38152e-06
1170,1.33524e-06
1171,1.31192e-06
1172,1.32985e-06
1173,1.25813e-06
1174,1.29327e-06
1175,1.1437e-06
1176,1.32723e-06
1177,1.31889e-06
1178,1.29303e-06
1179,1.18993e-06
1180,1.21684e-06
1181,1.24068e-06
1182,1.25499e-06
1183,9.57017e-07
1184,1.20563e-06
1185,1.15198e-06
1186,1.13206e-06
1187,1.13412e-06
1188,1.12139e-06
1189,1.10362e-06
1190,1.08817e-06
1191,1.07234e-06
1192,1.08113e-06
1193,1.06215e-06
1194,1.06964e-06
1195,9.78642e-07
1196,1.01066e-06
1197,1.00453e-06
1198,9.91343e-07
1199,8.93465e-07
1200,9.70677e-07
1201,8.79387e-07
1202,8.71035e-07
1203,9.44938e-07
1204,9.35382e-07
1205,9.20602e-07
1206,8.94939e-07
1207,9.06664e-07
1208,9.04911e-07
1209,8.88366e-07
1210,8.37603e-07
1211,8.20067e-07
1212,7.96371e-07
1213,8.47992e-07
1214,8.34416e-07
1215,7.57264e-07
1216,8.29436e-07
1217,8.30704e-07
1218,8.34576e-07
1219,7.93441e-07
1220,7.73775e-07
1221,7.63095e-07
1222,7.46996e-07
1223,7.53961e-07
1224,7.35065e-07
1225,7.17899e-07
1226,7.32532e-07
1227,7.07745e-07
1228,6.69572e-07
1229,6.93219e-07
1230,6.92351e-07
1231,6.64044e-07
1232,6.76501e-07
1233,6.5319e-07
1234,6.27155e-07
1235,5.93665e-07
1236,5.74664e-07
1237,5.76206e-07
1238,5.41745e-07
1239,5.84568e-07
1240,5.89273e-07
1241,5.86512e-07
1242,5.81644e-07
1243,5.06284e-07
1244,5.6869e-07
1245,5.59613e-07
1246,5.03529e-07
1247,5.43969e-07
1248,5.24634e-07
1249,4.91172e-07
1250,4.99726e-07
1251,4.9997e-07
1252,4.88536e-07
1253,4.74659e-07
1254,4.0647e-07
1255,4.70112e-07
1256,4.61678e-07
1257,4.30142e-07
1258,4.2725e-07
1259,4.32486e-07
1260,3.9031e-07
1261,4.31548e-07
1262,4.31081e-07
1263,4.2481e-07
1264,4.25003e-07
1265,4.19596e-07
1266,4.14252e-07
1267,4.07024e-07
1268,3.96387e-07
1269,3.90869e-07
1270,3.85156e-07
1271,3.85518e-07
1272,3.84056e-07
1273,3.76642e-07
1274,3.67642e-07
1275,3.73379e-07
1276,3.45432e-07
1277,3.62134e-07
1278,3.52033e-07
1279,3.36827e-07
1280,3.3918e-07
1281,3.3038e-07
1282,3.22587e-07
1283,3.14055e-07
1284,3.11183e-07
1285,3.11691e-07
1286,2.70637e-07
1287,3.10114e-07
1288,3.12361e-07
1289,3.1585e-07
1290,2.97412e-07
1291,2.86913e-07
1292,2.53631e-07
1293,2.75718e-07
1294,2.66346e-07
1295,2.65654e-07
1296,2.75643e-07
1297,2.73526e-07
1298,2.6945e-07
1299,2.66138e-07
1300,2.642e-07
1301,2.58165e-07
1302,2.05549e-07
1303,2.53386e-07
1304,2.50011e-07
1305,2.4819e-07
1306,2.53375e-07
1307,2.4564e-07
1308,2.30579e-07
1309,2.30941e-07
1310,2.16292e-07
1311,2.36388e-07
1312,2.32068e-07
1313,2.29077e-07
1314,2.25809e-07
1315,2.13131e-07
1316,1.8448e-07
1317,2.05181e-07
1318,1.74255e-07
1319,2.05765e-07
1320,2.00714e-07
1321,1.95538e-07
1322,1.92631e-07
1323,1.91871e-07
1324,1.70804e-07
1325,1.86912e-07
1326,1.75111e-07
1327,1.8648e-07
1328,1.86624e-07
1329,1.82599e-07
1330,1.7922e-07
1331,1.75562e-07
1332,1.63108e-07
1333,1.66497e-07
1334,1.6526e-07
1335,1.66482e-07
1336,1.60744e-07
1337,1.54835e-07
1338,1.50795e-07
1339,1.49869e-07
1340,1.47051e-07
1341,1.44306e-07
1342,1.41281e-07
1343,1.50227e-07
1344,1.47811e-07
1345,1.46464e-07
1346,1.48928e-07
1347,1.42323e-07
1348,1.37246e-07
1349,1.27061e-07
1350,1.33931e-07
1351,1.3285e-07
1352,1.31613e-07
1353,1.34379e-07
1354,1.31617e-07
1355,1.26451e-07
1356,1.23234e-07
1357,1.05054e-07
1358,1.053e-07
1359,1.21365e-07
1360,1.23526e-07
1361,1.22083e-07
1362,1.1769e-07
1363,1.14819e-07
1364,1.09557e-07
1365,8.76483e-08
1366,1.05998e-07
1367,1.04586e-07
1368,1.03307e-07
1369,9.69195e-08
1370,9.15641e-08
1371,9.9161e-08
1372,9.99367e-08
1373,9.58275e-08
1374,8.87007e-08
1375,9.55895e-08
1376,9.10362e-08
1377,9.15209e-08
1378,9.19944e-08
1379,8.96187e-08
1380,8.92741e-08
1381,7.04465e-08
1382,8.87089e-08
1383,8.66166e-08
1384,8.54034e-08
1385,8.47501e-08
1386,8.26483e-08
1387,8.07166e-08
1388,7.45014e-08
1389,7.84712e-08
1390,7.02224e-08
1391,7.44973e-08
1392,7.20417e-08
1393,7.15996e-08
1394,7.15301e-08
1395,7.12076e-08
1396,6.57216e-08
1397,7.10045e-08
1398,7.16607e-08
1399,7.05716e-08
1400,6.87933e-08
1401,6.6814e-08
1402,6.55912e-08
1403,6.62955e-08
1404,5.35214e-08
1405,6.42859e-08
1406,6.1306e-08
1407,5.79732e-08
1408,6.09048e-08
1409,6.15404e-08
1410,6.24829e-08
1411,5.8542e-08
1412,4.51464e-08
1413,5.68876e-08
1414,5.50148e-08
1415,5.23309e-08
1416,5.36292e-08
1417,5.25284e-08
1418,5.18156e-08
1419,5.11216e-08
1420,4.91341e-08
1421,4.96967e-08
1422,4.92125e-08
1423,4.26557e-08
1424,4.75974e-08
1425,4.18336e-08
1426,4.5039e-08
1427,4.68154e-08
1428,3.95156e-08
1429,4.78811e-08
1430,4.85618e-08
1431,4.8253e-08
1432,4.54453e-08
1433,4.32378e-08
1434,4.25294e-08
1435,3.83781e-08
1436,4.29568e-08
1437,4.47898e-08
1438,4.33034e-08
1439,3.75034e-08
1440,4.07501e-08
1441,4.03609e-08
1442,4.1466e-08
1443,3.62886e-08
1444,3.88512e-08
1445,3.8775e-08
1446,3.83761e-08
1447,3.75932e-08
1448,3.84003e-08
1449,3.64266e-08
1450,3.46895e-08
1451,2.88813e-08
1452,3.44668e-08
1453,3.38588e-08
1454,3.2609e-08
1455,3.12474e-08
1456,3.02601e-08
1457,3.17384e-08
1458,3.18497e-08
1459,2.9744e-08
1460,3.16041e-08
1461,3.12218e-08
1462,3.05867e-08
1463,2.99918e-08
1464,3.00918e-08
1465,3.02228e-08
1466,2.89623e-08
1467,2.76433e-08
1468,2.83763e-08
1469,2.90444e-08
1470,2.73094e-08
1471,2.61117e-08
1472,2.37975e-08
1473,2.56448e-08
1474,2.52958e-08
1475,2.32862e-08
1476,2.5093e-08
1477,2.46818e-08
1478,2.37622e-08
1479,2.2411e-08
1480,2.15616e-08
1481,2.24774e-08
1482,2.22361e-08
1483,2.20618e-08
1484,2.19416e-08
1485,2.172e-08
1486,2.1464e-08
1487,2.03494e-08
1488,1.99515e-08
1489,2.03197e-08
1490,1.95854e-08
1491,1.98831e-08
1492,2.00304e-08
1493,1.95055e-08
1494,1.87864e-08
1495,1.83349e-08
1496,1.76575e-08
1497,1.75016e-08
1498,1.6717e-08
1499,1.73388e-08
1500,1.69897e-08
1501,1.66514e-08
1502,1.63081e-08
1503,1.57854e-08
1504,1.45269e-08
1505,1.57154e-08
1506,1.3345e-08
1507,1.56389e-08
1508,1.51828e-08
1509,1.47898e-08
1510,1.46123e-08
1511,1.45597e-08
1512,1.4122e-08
1513,1.34741e-08
1514,1.35075e-08
1515,1.3335e-08
1516,1.30732e-08
1517,1.24792e-08
1518,1.18546e-08
1519,1.09057e-08
1520,1.178e-08
1521,1.19711e-08
1522,1.20536e-08
1523,1.20333e-08
1524,1.1774e-08
1525,1.13418e-08
1526,1.111e-08
1527,1.11486e-08
1528,1.0639e-08
1529,8.92907e-09
1530,9.97535e-09
1531,1.01655e-08
1532,1.03368e-08
1533,1.01467e-08
1534,9.4966e-09
1535,9.664e-09
1536,8.70797e-09
1537,9.58308e-09
1538,9.57909e-09
1539,9.64444e-09
1540,9.41762e-09
1541,9.13601e-09
1542,9.16913e-09
1543,8.97564e-09
1544,8.72874e-09
1545,7.26116e-09
1546,8.53992e-09
1547,8.34389e-09
1548,8.17958e-09
1549,8.05137e-09
1550,7.94443e-09
1551,7.71938e-09
1552,7.18137e-09
1553,7.10518e-09
1554,7.10497e-09
1555,7.10364e-09
1556,7.088e-09
1557,7.00961e-09
1558,6.83429e-09
1559,6.7194e-09
1560,6.50497e-09
1561,6.38867e-09
1562,6.33251e-09
1563,6.16386e-09
1564,6.0256e-09
1565,6.09859e-09
1566,6.15178e-09
1567,6.09198e-09
1568,5.18057e-09
1569,5.21649e-09
1570,5.97933e-09
1571,5.78088e-09
1572,5.64453e-09
1573,5.69893e-09
1574,5.48712e-09
1575,5.40209e-09
1576,4.94148e-09
1577,5.54628e-09
1578,5.47932e-09
1579,5.44893e-09
1580,5.40519e-09
1581,5.2594e-09
1582,5.02695e-09
1583,4.72224e-09
1584,4.73773e-09
1585,4.5268e-09
1586,4.8186e-09
1587,4.66322e-09
1588,4.54626e-09
1589,4.65564e-09
1590,4.26904e-09
1591,4.34223e-09
1592,3.97029e-09
1593,4.42319e-09
1594,4.42272e-09
1595,4.31995e-09
1596,4.23959e-09
1597,4.17946e-09
1598,4.16148e-09
1599,3.8514e-09
1600,4.16355e-09
1601,4.03049e-09
1602,3.902e-09
1603,4.02129e-09
1604,3.91631e-09
1605,3.88941e-09
1606,3.92412e-09
1607,3.27365e-09
1608,3.90523e-09
1609,3.77612e-09
1610,3.67375e-09
1611,3.66817e-09
1612,3.63488e-09
1613,3.48177e-09
1614,3.3181e-09
1615,3.16508e-09
1616,3.39112e-09
1617,3.34797e-09
1618,3.16469e-09
1619,3.36421e-09
1620,3.37713e-09
1621,3.48685e-09
1622,3.28923e-09
1623,2.73495e-09
1624,3.12218e-09
1625,3.04695e-09
1626,2.95626e-09
1627,2.91562e-09
1628,2.91296e-09
1629,2.91166e-09
1630,2.70064e-09
1631,2.93217e-09
1632,2.87294e-09
1633,2.64622e-09
1634,2.71693e-09
1635,2.66866e-09
1636,2.62224e-09
1637,2.64874e-09
1638,2.53031e-09
1639,2.54482e-09
1640,2.50998e-09
1641,2.39644e-09
1642,2.31053e-09
1643,2.48061e-09
1644,2.43717e-09
1645,2.37947e-09
1646,2.04208e-09
1647,2.38889e-09
1648,2.35553e-09
1649,2.26678e-09
1650,2.15921e-09
1651,2.35904e-09
1652,2.28045e-09
1653,2.12054e-09
1654,1.92071e-09
1655,2.07709e-09
1656,2.06437e-09
1657,1.96066e-09
1658,2.01083e-09
1659,2.01834e-09
1660,1.998e-09
1661,1.96856e-09
1662,1.88018e-09
1663,1.94018e-09
1664,1.9007e-09
1665,1.84197e-09
1666,1.69739e-09
1667,1.81451e-09
1668,1.74145e-09
1669,1.63357e-09
1670,1.6113e-09
1671,1.62676e-09
1672,1.66628e-09
1673,1.69005e-09
1674,1.76576e-09
1675,1.81985e-09
1676,1.694e-09
1677,1.28621e-09
1678,1.59178e-09
1679,1.58017e-09
1680,1.56359e-09
1681,1.42505e-09
1682,1.46779e-09
1683,1.52018e-09
1684,1.46905e-09
1685,1.26045e-09
1686,1.43487e-09
1687,1.43329e-09
1688,1.43028e-09
1689,1.37218e-09
1690,1.30726e-09
1691,1.20479e-09
1692,1.22981e-09
1693,1.17392e-09
1694,1.28155e-09
1695,1.24578e-09
1696,1.16033e-09
1697,1.25195e-09
1698,1.19063e-09
1699,1.2147e-09
1700,1.23194e-09
1701,9.7384e-10
1702,1.18224e-09
1703,1.14432e-09
1704,1.11976e-09
1705,1.1273e-09
1706,1.11028e-09
1707,1.08958e-09
1708,1.06345e-09
1709,1.08995e-09
1710,1.05873e-09
1711,1.03321e-09
1712,1.05346e-09
1713,1.00947e-09
1714,9.65631e-10
1715,8.48354e-10
1716,9.42261e-10
1717,9.46338e-10
1718,9.39016e-10
1719,9.21597e-10
1720,9.06936e-10
1721,9.05996e-10
1722,8.99038e-10
1723,8.83379e-10
1724,7.89171e-10
1725,8.84725e-10
1726,8.84019e-10
1727,8.42486e-10
1728,8.06279e-10
1729,7.88825e-10
1730,7.65639e-10
1731,7.26973e-10
1732,6.90302e-10
1733,7.68268e-10
1734,7.35179e-10
1735,7.13041e-10
1736,7.21334e-10
1737,6.95778e-10
1738,7.0395e-10
1739,6.94292e-10
1740,6.91585e-10
1741,6.90961e-10
1742,6.7648e-10
1743,6.56144e-10
1744,6.49906e-10
1745,6.38919e-10
1746,5.99457e-10
1747,5.41482e-10
1748,5.47077e-10
1749,5.4362e-10
1750,5.74933e-10
1751,6.00617e-10
1752,5.93785e-10
1753,5.78634e-10
1754,5.65394e-10
1755,4.86857e-10
1756,5.60359e-10
1757,5.56789e-10
1758,5.36033e-10
1759,5.18364e-10
1760,4.93068e-10
1761,4.79249e-10
1762,4.57174e-10
1763,4.70597e-10
1764,4.52038e-10
1765,4.59375e-10
1766,4.83169e-10
1767,4.95433e-10
1768,4.81205e-10
1769,4.76449e-10
1770,4.68611e-10
1771,4.79908e-10
1772,4.76583e-10
1773,4.28895e-10
1774,4.47135e-10
1775,4.53755e-10
1776,4.41848e-10
1777,4.31946e-10
1778,3.63664e-10
1779,4.23279e-10
1780,4.09001e-10
1781,3.5838e-10
1782,3.96734e-10
1783,3.95873e-10
1784,4.07946e-10
1785,3.826e-10
1786,3.16643e-10
1787,3.70319e-10
1788,3.71869e-10
1789,3.74919e-10
1790,3.76238e-10
1791,3.79539e-10
1792,3.87164e-10
1793,3.59448e-10
1794,3.70752e-10
1795,3.62158e-10
1796,3.54264e-10
1797,3.2069e-10
1798,3.28967e-10
1799,3.08298e-10
1800,3.29253e-10
1801,3.32802e-10
1802,3.35282e-10
1803,3.27879e-10
1804,3.19746e-10
1805,3.17389e-10
1806,3.1736e-10
1807,3.15798e-10
1808,3.04636e-10
1809,3.01333e-10
1810,2.98736e-10
1811,2.84216e-10
1812,2.89596e-10
1813,2.90717e-10
1814,2.52103e-10
1815,2.83101e-10
1816,2.66208e-10
1817,2.57886e-10
1818,2.61084e-10
1819,2.69627e-10
1820,2.6808e-10
1821,2.59349e-10
1822,2.59756e-10
1823,2.61004e-10
1824,2.31337e-10
1825,2.56838e-10
1826,2.49795e-10
1827,2.47681e-10
1828,2.51055e-10
1829,2.43479e-10
1830,2.29917e-10
1831,2.25904e-10
1832,2.28185e-10
1833,2.37336e-10
1834,2.32845e-10
1835,2.25539e-10
1836,2.27415e-10
1837,2.25174e-10
1838,2.17421e-10
1839,2.12346e-10
1840,2.01661e-10
1841,2.06863e-10
1842,2.00724e-10
1843,1.97687e-10
1844,1.96897e-10
1845,1.93539e-10
1846,1.82711e-10
1847,1.81477e-10
1848,1.79241e-10
1849,1.82121e-10
1850,1.6231e-10
1851,1.75967e-10
1852,1.80853e-10
1853,1.73583e-10
1854,1.68227e-10
1855,1.59904e-10
1856,1.71471e-10
1857,1.6845e-10
1858,1.6941e-10
1859,1.6948e-10
1860,1.64269e-10
1861,1.58963e-10
1862,1.53218e-10
1863,1.53498e-10
1864,1.34365e-10
1865,1.51138e-10
1866,1.49347e-10
1867,1.46958e-10
1868,1.44297e-10
1869,1.43127e-10
1870,1.34836e-10
1871,1.38928e-10
1872,1.34825e-10
1873,1.34539e-10
1874,1.34804e-10
1875,1.3735e-10
1876,1.32352e-10
1877,1.26086e-10
1878,1.22668e-10
1879,1.20938e-10
1880,1.15857e-10
1881,1.23502e-10
1882,1.22608e-10
1883,1.19687e-10
1884,1.17776e-10
1885,1.19419e-10
1886,1.02863e-10
1887,1.14328e-10
1888,1.10618e-10
1889,1.07765e-10
1890,1.05981e-10
1891,1.03574e-10
1892,9.67129e-11
1893,9.67996e-11
1894,9.99811e-11
1895,9.95575e-11
1896,9.55391e-11
1897,9.34057e-11
1898,9.66132e-11
1899,9.46118e-11
1900,9.34281e-11
1901,8.66748e-11
1902,9.04387e-11
1903,8.71118e-11
1904,8.3045e-11
1905,7.74795e-11
1906,8.04491e-11
1907,8.28053e-11
1908,8.02364e-11
1909,7.40803e-11
1910,7.84693e-11
1911,7.76719e-11
1912,7.46974e-11
1913,6.71795e-11
1914,7.23709e-11
1915,7.11457e-11
1916,6.97499e-11
1917,6.98699e-11
1918,6.84431e-11
1919,6.60479e-11
1920,6.6745e-11
1921,6.61462e-11
1922,6.47926e-11
1923,6.2816e-11
1924,6.02323e-11
1925,6.14378e-11
1926,5.99249e-11
1927,5.82593e-11
1928,5.24164e-11
1929,5.5466e-11
1930,5.54214e-11
1931,5.55052e-11
1932,5.30655e-11
1933,5.5509e-11
1934,5.47757e-11
1935,5.35479e-11
1936,5.36942e-11
1937,5.29378e-11
1938,5.06854e-11
1939,4.5671e-11
1940,5.02227e-11
1941,5.03737e-11
1942,5.0451e-11
1943,4.88874e-11
1944,4.73163e-11
1945,4.08119e-11
1946,4.66691e-11
1947,3.89841e-11
1948,4.54424e-11
1949,4.38795e-11
1950,4.30229e-11
1951,4.20658e-11
1952,3.85168e-11
1953,3.77914e-11
1954,3.90929e-11
1955,3.90075e-11
1956,3.86679e-11
1957,3.82554e-11
1958,3.85203e-11
1959,3.96856e-11
1960,3.86359e-11
1961,3.43866e-11
1962,3.64257e-11
1963,3.74474e-11
1964,3.76539e-11
1965,3.7231e-11
1966,3.58503e-11
1967,3.49408e-11
1968,3.50456e-11
1969,3.46024e-11
1970,3.19485e-11
1971,3.2967e-11
1972,3.13174e-11
1973,3.21518e-11
1974,3.16902e-11
1975,3.00096e-11
1976,2.9286e-11
1977,2.7287e-11
1978,2.82953e-11
1979,2.90245e-11
1980,2.95188e-11
1981,3.00085e-11
1982,3.03752e-11
1983,3.04413e-11
1984,2.99496e-11
1985,2.25197e-11
1986,2.89473e-11
1987,2.82075e-11
1988,2.79048e-11
1989,2.85755e-11
1990,2.74794e-11
1991,2.66852e-11
1992,2.56581e-11
1993,2.59334e-11
1994,2.3264e-11
1995,2.51353e-11
1996,2.48619e-11
1997,2.52363e-11
1998,2.54369e-11
1999,2.57367e-11
2000,2.411e-11
2001,2.56534e-11
2002,2.4781e-11
2003,2.47514e-11
2004,2.46049e-11
2005,2.18479e-11
2006,2.22518e-11
2007,2.42954e-11
2008,2.218e-11
2009,2.34947e-11
2010,2.08342e-11
2011,2.21755e-11
2012,2.12815e-11
2013,2.09344e-11
2014,2.10847e-11
2015,2.03271e-11
2016,1.84934e-11
2017,2.07842e-11
2018,2.06399e-11
2019,2.02451e-11
2020,2.00544e-11
2021,1.98831e-11
2022,1.93234e-11
2023,1.54649e-11
2024,1.91264e-11
2025,1.91831e-11
2026,1.7464e-11
2027,1.87636e-11
2028,1.86642e-11
2029,1.84653e-11
2030,1.82832e-11
2031,1.66531e-11
2032,1.76227e-11
2033,1.71648e-11
2034,1.7172e-11
2035,1.72787e-11
2036,1.67346e-11
2037,1.66506e-11
2038,1.37424e-11
2039,1.65698e-11
2040,1.63667e-11
2041,1.63267e-11
2042,1.51583e-11
2043,1.51892e-11
2044,1.54424e-11
2045,1.52718e-11
2046,1.16368e-11
2047,1.49732e-11
2048,1.44703e-11
2049,1.42468e-11
2050,1.38328e-11
2051,1.36415e-11
2052,1.40924e-11
2053,1.40577e-11
2054,1.38447e-11
2055,1.40156e-11
2056,1.35517e-11
2057,1.31807e-11
2058,1.22415e-11
2059,1.23674e-11
2060,1.11398e-11
2061,1.24202e-11
2062,1.2156e-11
2063,1.27841e-11
2064,1.27637e-11
2065,1.27627e-11
2066,1.25633e-11
2067,1.22158e-11
2068,1.18792e-11
2069,9.62627e-12
2070,1.17942e-11
2071,1.18071e-11
2072,1.14928e-11
2073,1.12099e-11
2074,1.05645e-11
2075,1.06876e-11
2076,1.08743e-11
2077,1.06306e-11
2078,1.06997e-11
2079,1.05538e-11
2080,1.03992e-11
2081,1.02825e-11
2082,1.01914e-11
2083,1.00293e-11
2084,9.33417e-12
2085,9.90599e-12
2086,9.64048e-12
2087,9.54487e-12
2088,9.4114e-12
2089,9.29384e-12
2090,8.70595e-12
2091,8.91035e-12
2092,7.96118e-12
2093,9.08799e-12
2094,9.23934e-12
2095,9.1966e-12
2096,8.95833e-12
2097,8.82773e-12
2098,8.64006e-12
2099,7.21382e-12
2100,8.28765e-12
2101,8.01696e-12
2102,8.02323e-12
2103,8.07401e-12
2104,8.04678e-12
2105,7.91992e-12
2106,7.11178e-12
2107,7.08127e-12
2108,7.47525e-12
2109,7.52436e-12
2110,7.28561e-12
2111,7.3035e-12
2112,7.60219e-12
2113,7.44111e-12
2114,7.26632e-12
2115,7.22387e-12
2116,7.33826e-12
2117,7.45499e-12
2118,7.40117e-12
2119,7.09063e-12
2120,7.14973e-12
2121,7.03197e-12
2122,5.79429e-12
2123,6.63065e-12
2124,6.1773e-12
2125,6.50725e-12
2126,6.06257e-12
2127,5.93927e-12
2128,6.23912e-12
2129,5.95419e-12
2130,5.65442e-12
2131,5.9045e-12
2132,6.28326e-12
2133,6.09358e-12
2134,5.85636e-12
2135,5.79163e-12
2136,5.90572e-12
2137,4.86753e-12
2138,5.63943e-12
2139,5.43e-12
2140,4.81884e-12
2141,5.38314e-12
2142,5.4127e-12
2143,5.26608e-12
2144,5.10714e-12
2145,4.18488e-12
2146,4.95944e-12
2147,4.9034e-12
2148,4.8576e-12
2149,4.75876e-12
2150,4.61018e-12
2151,4.46398e-12
2152,4.16299e-12
2153,4.37794e-12
2154,4.35034e-12
2155,4.18881e-12
2156,4.11045e-12
2157,4.12354e-12
2158,3.86647e-12
2159,3.73031e-12
2160,3.53371e-12
2161,3.76686e-12
2162,3.82722e-12
2163,3.84821e-12
2164,3.82298e-12
2165,3.75847e-12
2166,3.68784e-12
2167,3.5079e-12
2168,3.5136e-12
2169,3.46221e-12
2170,3.53893e-12
2171,3.43265e-12
2172,3.1013e-12
2173,3.27956e-12
2174,3.30973e-12
2175,3.30121e-12
2176,3.30514e-12
2177,3.33939e-12
2178,3.31852e-12
2179,3.22758e-12
2180,3.15533e-12
2181,3.09034e-12
2182,3.06657e-12
2183,2.56379e-12
2184,2.99384e-12
2185,2.91011e-12
2186,2.85275e-12
2187,2.80502e-12
2188,2.48078e-12
2189,2.71195e-12
2190,2.73309e-12
2191,2.53777e-12
2192,2.67742e-12
2193,2.56729e-12
2194,2.54171e-12
2195,2.50778e-12
2196,2.44064e-12
2197,2.36356e-12
2198,1.8901e-12
2199,2.25305e-12
2200,2.21085e-12
2201,2.25448e-12
2202,2.19069e-12
2203,2.0733e-12
2204,2.02813e-12
2205,2.01823e-12
2206,1.68536e-12
2207,2.10054e-12
2208,2.03029e-12
2209,1.88064e-12
2210,1.9767e-12
2211,1.93504e-12
2212,1.8245e-12
2213,1.63883e-12
2214,1.65431e-12
2215,1.74808e-12
2216,1.80643e-12
2217,1.80386e-12
2218,1.78797e-12
2219,1.80328e-12
2220,1.72957e-12
2221,1.65674e-12
2222,1.52832e-12
2223,1.68141e-12
2224,1.68738e-12
2225,1.67056e-12
2226,1.60428e-12
2227,1.54709e-12
2228,1.50029e-12
2229,1.49559e-12
2230,1.47932e-12
2231,1.43011e-12
2232,1.38974e-12
2233,1.40223e-12
2234,1.40159e-12
2235,1.34162e-12
2236,1.17005e-12
2237,1.32476e-12
2238,1.19505e-12
2239,1.33332e-12
2240,1.28609e-12
2241,1.25017e-12
2242,1.21181e-12
2243,1.17171e-12
2244,1.04235e-12
2245,1.16e-12
2246,1.14418e-12
2247,1.12175e-12
2248,1.08128e-12
2249,1.04787e-12
2250,1.0752e-12
2251,9.92167e-13
